1 8.47058
2 4.06573
3 4.06573
4 3.84329
5 2.85798
6 2.85798
7 2.85798
8 2.85798
9 2.85798
10 0.663669
11 0.076909
12 0.076909
13 0.0174963
14 0.0174963
15 0.0174963
16 0.0174963
17 0.0174963
18 0.0174963
19 0.0174963
20 0.0174963
21 0.0174963
22 0.0174963
23 0.0174963
24 0.00226423
25 0.00226423
26 0.00226423
27 0.00226423
28 0.00226423
29 0.00226423
30 0.00140548
31 0.00140548
32 0.00140548
33 0.00140548
34 0.00045126
35 0.00045126
36 0.000285321
37 0.000285321
38 0.000285321
39 0.000126688
40 0.000126688
41 4.53004e-05
42 4.53004e-05
43 4.53004e-05
44 4.53004e-05
45 4.53004e-05
46 4.53004e-05
47 4.53004e-05
48 3.71233e-05
49 3.71233e-05
50 3.71233e-05
51 2.40489e-06
52 2.40489e-06
53 2.40489e-06
54 2.40489e-06
55 2.40489e-06
56 2.40489e-06
57 2.35168e-06
58 2.35168e-06
59 7.48241e-07
60 7.48241e-07
61 3.72294e-07
62 3.72294e-07
63 3.72294e-07
64 3.72294e-07
65 2.78059e-07
66 2.78059e-07
67 3.51732e-08
68 2.08758e-08
69 6.04641e-09
70 5.67955e-09
71 5.67955e-09
72 5.67955e-09
73 5.67955e-09
74 5.67955e-09
75 5.67955e-09
76 5.67955e-09
77 5.67955e-09
78 5.67955e-09
79 5.24137e-09
80 2.69254e-09
81 2.69254e-09
82 2.69254e-09
83 1.8532e-09
84 1.51394e-09
85 1.33886e-09
86 1.33886e-09
87 6.01452e-10
88 2.55731e-10
89 2.28919e-10
90 2.28919e-10
91 2.05103e-10
92 1.2315e-10
93 7.62435e-11
94 4.53793e-11
95 2.08455e-11
96 2.08455e-11
97 1.71219e-11
98 1.24944e-11
99 1.09956e-11
100 6.32161e-12
101 6.32161e-12
102 6.32161e-12
103 1.32783e-12
104 1.32783e-12
105 1.32783e-12
106 1.32783e-12
107 3.88578e-13
108 3.88578e-13
109 2.81997e-13
110 2.81997e-13
111 2.81997e-13
112 2.81997e-13
113 6.21725e-14
114 6.21725e-14
115 6.21725e-14
116 6.21725e-14
117 6.21725e-14
118 6.21725e-14
119 6.21725e-14
120 1.11022e-14
121 1.11022e-14
122 1.11022e-14
123 6.66134e-15
124 6.66134e-15
125 6.66134e-15
126 2.22045e-15
127 2.22045e-15
128 2.22045e-15
129 2.22045e-15
130 2.22045e-15
131 2.22045e-15
132 2.22045e-15
133 2.22045e-15
134 0
135 0
136 0
137 0
138 0
139 0
140 0
141 0
142 0
143 0
144 0
145 0
146 0
147 0
148 0
149 0
150 0
151 0
152 0
153 0
154 0
155 0
156 0
157 0
158 0
159 0
160 0
161 0
162 0
163 0
164 0
165 0
166 0
167 0
168 0
169 0
170 0
171 0
172 0
173 0
174 0
175 0
176 0
177 0
178 0
179 0
180 0
181 0
182 0
183 0
184 0
185 0
186 0
187 0
188 0
189 0
190 0
191 0
192 0
193 0
194 0
195 0
196 0
197 0
198 0
199 0
200 0
201 0
202 0
203 0
204 0
205 0
206 0
207 0
208 0
209 0
210 0
211 0
212 0
213 0
214 0
215 0
216 0
217 0
218 0
219 0
220 0
221 0
222 0
223 0
224 0
225 0
226 0
227 0
228 0
229 0
230 0
231 0
232 0
233 0
234 0
235 0
236 0
237 0
238 0
239 0
240 0
241 0
242 0
243 0
244 0
245 0
246 0
247 0
248 0
249 0
250 0
251 0
252 0
253 0
254 0
255 0
256 0
257 0
258 0
259 0
260 0
261 0
262 0
263 0
264 0
265 0
266 0
267 0
268 0
269 0
270 0
271 0
272 0
273 0
274 0
275 0
276 0
277 0
278 0
279 0
280 0
281 0
282 0
283 0
284 0
285 0
286 0
287 0
288 0
289 0
290 0
291 0
292 0
293 0
294 0
295 0
296 0
297 0
298 0
299 0
300 0
