1 1.28703
2 0.428785
3 0.428785
4 0.428785
5 0.195295
6 0.0246947
7 0.0246947
8 0.0246947
9 0.0206584
10 0.0128416
11 0.00767709
12 0.00767709
13 0.00767709
14 0.00767709
15 0.00591737
16 0.00591737
17 0.00591737
18 0.00591737
19 0.00091901
20 0.00091901
21 0.00091901
22 0.00091901
23 0.00091901
24 0.000840315
25 0.000840315
26 0.000840315
27 0.000840315
28 0.000840315
29 0.000840315
30 0.000840315
31 0.000840315
32 0.000840315
33 0.000840315
34 0.000840315
35 0.000840315
36 0.000840315
37 0.000840315
38 0.000840315
39 0.000840315
40 0.000840315
41 0.000840315
42 0.000840315
43 0.00035123
44 0.00035123
45 0.000338926
46 0.000338926
47 0.000338926
48 0.000302728
49 0.000302728
50 0.000302728
51 0.000302728
52 0.000302728
53 0.000302728
54 0.000302728
55 0.00022697
56 0.00022697
57 0.00022697
58 0.00022697
59 0.00022697
60 0.00022697
61 0.00022697
62 0.00022697
63 0.00022697
64 0.00022697
65 0.00022697
66 0.00022697
67 0.00022697
68 0.00022697
69 0.00022697
70 0.00022697
71 0.00022697
72 0.00022697
73 0.00022697
74 0.00022697
75 0.00022697
76 0.00022697
77 0.00022697
78 0.00022697
79 0.00022697
80 0.00022697
81 0.00022697
82 0.000119016
83 0.000119016
84 0.000119016
85 4.70972e-05
86 4.70972e-05
87 4.70972e-05
88 4.70972e-05
89 4.70972e-05
90 4.70972e-05
91 4.70972e-05
92 4.70972e-05
93 4.70972e-05
94 4.70972e-05
95 1.44367e-05
96 1.44367e-05
97 1.44367e-05
98 1.44367e-05
99 1.44367e-05
100 1.44367e-05
101 1.44367e-05
102 1.44367e-05
103 1.44367e-05
104 8.41211e-06
105 8.41211e-06
106 8.41211e-06
107 8.41211e-06
108 8.41211e-06
109 8.41211e-06
110 2.01537e-06
111 2.01537e-06
112 2.01537e-06
113 2.01537e-06
114 2.01537e-06
115 2.01537e-06
116 2.01537e-06
117 2.01537e-06
118 2.01537e-06
119 2.01537e-06
120 2.01537e-06
121 2.01537e-06
122 2.01537e-06
123 2.01537e-06
124 2.01537e-06
125 2.01537e-06
126 5.28791e-07
127 5.28791e-07
128 5.28791e-07
129 5.28791e-07
130 5.28791e-07
131 5.28791e-07
132 5.28791e-07
133 5.28791e-07
134 5.28791e-07
135 5.28791e-07
136 5.28791e-07
137 2.33933e-07
138 2.33933e-07
139 2.33933e-07
140 2.33933e-07
141 2.33933e-07
142 2.33933e-07
143 2.33933e-07
144 2.33933e-07
145 2.33933e-07
146 2.33933e-07
147 2.33933e-07
148 2.33933e-07
149 2.33933e-07
150 2.33933e-07
151 2.09908e-07
152 2.09908e-07
153 2.09908e-07
154 2.09908e-07
155 2.09908e-07
156 2.09908e-07
157 2.09908e-07
158 2.09908e-07
159 2.09908e-07
160 2.09908e-07
161 2.09908e-07
162 2.09908e-07
163 2.09908e-07
164 3.43259e-08
165 3.43259e-08
166 3.43259e-08
167 3.43259e-08
168 3.43259e-08
169 3.43259e-08
170 3.43259e-08
171 2.39245e-08
172 2.39245e-08
173 2.39245e-08
174 2.19568e-08
175 1.18483e-08
176 1.18483e-08
177 1.18483e-08
178 1.18483e-08
179 1.18483e-08
180 1.18483e-08
181 1.18483e-08
182 1.18483e-08
183 1.18483e-08
184 1.18483e-08
185 1.18483e-08
186 1.18483e-08
187 1.18483e-08
188 1.18483e-08
189 1.18483e-08
190 1.18483e-08
191 1.18483e-08
192 1.18483e-08
193 1.18483e-08
194 1.18483e-08
195 1.18483e-08
196 1.18483e-08
197 1.18483e-08
198 1.18483e-08
199 1.18483e-08
200 1.18483e-08
201 1.18483e-08
202 1.18483e-08
203 1.18483e-08
204 1.18483e-08
205 1.18483e-08
206 1.18483e-08
207 1.18483e-08
208 1.18483e-08
209 1.18483e-08
210 1.18483e-08
211 1.18483e-08
212 1.18483e-08
213 1.18483e-08
214 1.18483e-08
215 1.18483e-08
216 1.18483e-08
217 1.18483e-08
218 1.18483e-08
219 1.18483e-08
220 1.18483e-08
221 1.18483e-08
222 1.18483e-08
223 1.18483e-08
224 1.18483e-08
225 1.18483e-08
226 1.18483e-08
227 1.18483e-08
228 1.18483e-08
229 1.18483e-08
230 1.18483e-08
231 1.18483e-08
232 1.18483e-08
233 1.18483e-08
234 1.18483e-08
235 1.18483e-08
236 1.18483e-08
237 1.18483e-08
238 1.18483e-08
239 1.18483e-08
240 1.18483e-08
241 1.18483e-08
242 1.18483e-08
243 1.18483e-08
244 1.18483e-08
245 1.18483e-08
246 1.18483e-08
247 1.18483e-08
248 1.18483e-08
249 1.18483e-08
250 1.18483e-08
251 1.18483e-08
252 1.18483e-08
253 1.18483e-08
254 1.18483e-08
255 1.18483e-08
256 1.18483e-08
257 1.18483e-08
258 1.18483e-08
259 1.18483e-08
260 1.18483e-08
261 1.18483e-08
262 1.18483e-08
263 1.18483e-08
264 1.18483e-08
265 1.18483e-08
266 1.18483e-08
267 1.18483e-08
268 1.18483e-08
269 1.18483e-08
270 1.18483e-08
271 1.18483e-08
272 1.18483e-08
273 1.18483e-08
274 1.18483e-08
275 1.18483e-08
276 1.18483e-08
277 1.18483e-08
278 1.18483e-08
279 1.18483e-08
280 1.18483e-08
281 1.18483e-08
282 1.18483e-08
283 1.18483e-08
284 1.18483e-08
285 1.18483e-08
286 1.18483e-08
287 1.18483e-08
288 1.18483e-08
289 1.18483e-08
290 1.18483e-08
291 1.18483e-08
292 1.18483e-08
293 1.18483e-08
294 1.18483e-08
295 1.18483e-08
296 1.18483e-08
297 1.18483e-08
298 1.18483e-08
299 1.18483e-08
300 1.18483e-08
301 1.18483e-08
302 1.18483e-08
303 1.18483e-08
304 7.59132e-09
305 7.59132e-09
306 7.59132e-09
307 7.59132e-09
308 7.59132e-09
309 7.59132e-09
310 5.24998e-09
311 5.24998e-09
312 5.24998e-09
313 5.24998e-09
314 5.24998e-09
315 5.24998e-09
316 5.24998e-09
317 5.24998e-09
318 5.24998e-09
319 5.24998e-09
320 5.24998e-09
321 5.24998e-09
322 5.24998e-09
323 5.24998e-09
324 5.24998e-09
325 5.24998e-09
326 5.24998e-09
327 5.24998e-09
328 5.24998e-09
329 5.24998e-09
330 5.24998e-09
331 5.24998e-09
332 5.24998e-09
333 5.24998e-09
334 5.24998e-09
335 5.24998e-09
336 5.24998e-09
337 5.24998e-09
338 5.24998e-09
339 5.24998e-09
340 5.24998e-09
341 5.24998e-09
342 5.24998e-09
343 5.24998e-09
344 5.24998e-09
345 5.24998e-09
346 5.24998e-09
347 5.24998e-09
348 5.24998e-09
349 5.24998e-09
350 5.24998e-09
351 5.24998e-09
352 5.24998e-09
353 5.24998e-09
354 5.24998e-09
355 5.24998e-09
356 5.24998e-09
357 5.24998e-09
358 5.24998e-09
359 5.24998e-09
360 5.24998e-09
361 5.24998e-09
362 5.24998e-09
363 5.24998e-09
364 5.24998e-09
365 5.24998e-09
366 5.24998e-09
367 5.24998e-09
368 5.24998e-09
369 5.24998e-09
370 5.24998e-09
371 5.24998e-09
372 5.24998e-09
373 5.24998e-09
374 5.24998e-09
375 5.24998e-09
376 5.24998e-09
377 5.24998e-09
378 5.24998e-09
379 5.24998e-09
380 5.24998e-09
381 5.24998e-09
382 5.24998e-09
383 5.24998e-09
384 5.24998e-09
385 5.24998e-09
386 5.24998e-09
387 5.24998e-09
388 5.24998e-09
389 5.24998e-09
390 5.24998e-09
391 5.24998e-09
392 5.24998e-09
393 5.24998e-09
394 5.24998e-09
395 5.24998e-09
396 5.24998e-09
397 5.24998e-09
398 5.24998e-09
399 5.24998e-09
400 5.24998e-09
401 5.24998e-09
402 5.24998e-09
403 5.24998e-09
404 5.24998e-09
405 5.24998e-09
406 5.24998e-09
407 5.24998e-09
408 5.24998e-09
409 5.24998e-09
410 5.24998e-09
411 5.24998e-09
412 5.24998e-09
413 5.24998e-09
414 5.24998e-09
415 5.24998e-09
416 5.24998e-09
417 5.24998e-09
418 5.24998e-09
419 5.24998e-09
420 5.24998e-09
421 5.24998e-09
422 5.24998e-09
423 5.24998e-09
424 5.24998e-09
425 5.24998e-09
426 5.24998e-09
427 5.24998e-09
428 5.24998e-09
429 5.24998e-09
430 5.24998e-09
431 5.24998e-09
432 5.24998e-09
433 5.24998e-09
434 5.24998e-09
435 5.24998e-09
436 5.24998e-09
437 5.24998e-09
438 5.24998e-09
439 5.24998e-09
440 5.24998e-09
441 5.24998e-09
442 5.24998e-09
443 5.24998e-09
444 5.24998e-09
445 5.24998e-09
446 5.24998e-09
447 5.24998e-09
448 5.24998e-09
449 5.24998e-09
450 5.24998e-09
451 5.24998e-09
452 5.24998e-09
453 5.24998e-09
454 5.24998e-09
455 5.24998e-09
456 5.24998e-09
457 5.24998e-09
458 5.24998e-09
459 5.24998e-09
460 5.24998e-09
461 5.24998e-09
462 5.24998e-09
463 5.24998e-09
464 5.24998e-09
465 5.24998e-09
466 5.24998e-09
467 5.24998e-09
468 5.24998e-09
469 5.24998e-09
470 5.24998e-09
471 5.24998e-09
472 5.24998e-09
473 5.24998e-09
474 5.24998e-09
475 5.24998e-09
476 5.24998e-09
477 5.24998e-09
478 5.24998e-09
479 5.24998e-09
480 5.24998e-09
481 5.24998e-09
482 5.24998e-09
483 5.24998e-09
484 5.24998e-09
485 5.24998e-09
486 5.24998e-09
487 5.24998e-09
488 5.24998e-09
489 5.24998e-09
490 5.24998e-09
491 5.24998e-09
492 5.24998e-09
493 5.24998e-09
494 5.24998e-09
495 5.24998e-09
496 5.24998e-09
497 5.24998e-09
498 5.24998e-09
499 5.24998e-09
500 5.24998e-09
