0 297.845956
1 0.982936
2 0.982936
3 0.982936
4 0.982936
5 0.705202
6 0.705202
7 0.705202
8 0.705202
9 0.705202
10 0.705202
11 0.705202
12 0.705202
13 0.705202
14 0.705202
15 0.705202
16 0.705202
17 0.116332
18 0.116332
19 0.116332
20 0.116332
21 0.116332
22 0.116332
23 0.116332
24 0.116332
25 0.116332
26 0.116332
27 0.116332
28 0.116332
29 0.116332
30 0.116332
31 0.116332
32 0.116332
33 0.065150
34 0.065150
35 0.065150
36 0.065150
37 0.065150
38 0.065150
39 0.065150
40 0.065150
41 0.065150
42 0.065150
43 0.065150
44 0.065150
45 0.065150
46 0.065150
47 0.065150
48 0.065150
49 0.065150
50 0.065150
51 0.065150
52 0.065150
53 0.065150
54 0.065150
55 0.065150
56 0.065150
57 0.065150
58 0.065150
59 0.065150
60 0.065150
61 0.065150
62 0.065150
63 0.065150
64 0.065150
65 0.065150
66 0.065150
67 0.065150
68 0.065150
69 0.065150
70 0.065150
71 0.065150
72 0.065150
73 0.065150
74 0.065150
75 0.065150
76 0.065150
77 0.065150
78 0.065150
79 0.065150
80 0.065150
81 0.065150
82 0.065150
83 0.065150
84 0.065150
85 0.065150
86 0.065150
87 0.065150
88 0.065150
89 0.065150
90 0.065150
91 0.065150
92 0.065150
93 0.065150
94 0.065150
95 0.065150
96 0.065150
97 0.065150
98 0.065150
99 0.065150
100 0.065150
101 0.065150
102 0.065150
103 0.065150
104 0.065150
105 0.065150
106 0.065150
107 0.065150
108 0.065150
109 0.065150
110 0.065150
111 0.065150
112 0.065150
113 0.065150
114 0.065150
115 0.065150
116 0.065150
117 0.065150
118 0.065150
119 0.065150
120 0.065150
121 0.065150
122 0.065150
123 0.065150
124 0.065150
125 0.065150
126 0.028737
127 0.028737
128 0.028737
129 0.028737
130 0.028737
131 0.028737
132 0.028737
133 0.028737
134 0.028737
135 0.028737
136 0.028737
137 0.028737
138 0.028737
139 0.028737
140 0.028737
141 0.028737
142 0.028737
143 0.028737
144 0.028737
145 0.028737
146 0.028737
147 0.028737
148 0.028737
149 0.028737
150 0.028737
151 0.028737
152 0.028737
153 0.028737
154 0.028737
155 0.028737
156 0.028737
157 0.028737
158 0.028737
159 0.028737
160 0.028737
161 0.028737
162 0.028737
163 0.028737
164 0.028737
165 0.028737
166 0.028737
167 0.028737
168 0.028737
169 0.028737
170 0.028737
171 0.028737
172 0.028737
173 0.028737
174 0.028737
175 0.028737
176 0.028737
177 0.028737
178 0.028737
179 0.028737
180 0.028737
181 0.028737
182 0.028737
183 0.028737
184 0.028737
185 0.028737
186 0.028737
187 0.028737
188 0.028737
189 0.028737
190 0.028737
191 0.028737
192 0.028737
193 0.028737
194 0.028737
195 0.028737
196 0.028737
197 0.028737
198 0.028737
199 0.028737
200 0.028737
201 0.028737
202 0.028737
203 0.028737
204 0.028737
205 0.028737
206 0.028737
207 0.028737
208 0.028737
209 0.028737
210 0.028737
211 0.028737
212 0.028737
213 0.028737
214 0.028737
215 0.028737
216 0.028737
217 0.028737
218 0.028737
219 0.028737
220 0.028737
221 0.028737
222 0.028737
223 0.028737
224 0.028737
225 0.028737
226 0.028737
227 0.028737
228 0.028737
229 0.028737
230 0.028737
231 0.028737
232 0.028737
233 0.028737
234 0.028737
235 0.028737
236 0.028737
237 0.028737
238 0.028737
239 0.028737
240 0.028737
241 0.028737
242 0.028737
243 0.028737
244 0.028737
245 0.028737
246 0.028737
247 0.028737
248 0.028737
249 0.028737
250 0.028737
251 0.028737
252 0.028737
253 0.028737
254 0.028737
255 0.028737
256 0.028737
257 0.028737
258 0.028737
259 0.028737
260 0.028737
261 0.028737
262 0.028737
263 0.028737
264 0.028737
265 0.028737
266 0.028737
267 0.028737
268 0.028737
269 0.028737
270 0.028737
271 0.028737
272 0.028737
273 0.028737
274 0.028737
275 0.028737
276 0.028737
277 0.028737
278 0.028737
279 0.028737
280 0.028737
281 0.028737
282 0.028737
283 0.028737
284 0.028737
285 0.028737
286 0.028737
287 0.028737
288 0.028737
289 0.028737
290 0.028737
291 0.028737
292 0.028737
293 0.028737
294 0.028737
295 0.028737
296 0.028737
297 0.028737
298 0.028737
299 0.028737
300 0.028737
301 0.028737
302 0.028737
303 0.028737
304 0.028737
305 0.028737
306 0.028737
307 0.028737
308 0.028737
309 0.028737
310 0.028737
311 0.028737
312 0.028737
313 0.028737
314 0.028737
315 0.028737
316 0.028737
317 0.028737
318 0.028737
319 0.028737
320 0.028737
321 0.028737
322 0.028737
323 0.028737
324 0.028737
325 0.028737
326 0.028737
327 0.028737
328 0.028737
329 0.028737
330 0.028737
331 0.028737
332 0.028737
333 0.028737
334 0.028737
335 0.028737
336 0.028737
337 0.028737
338 0.028737
339 0.028737
340 0.028737
341 0.028737
342 0.028737
343 0.028737
344 0.028737
345 0.028737
346 0.028737
347 0.028737
348 0.028737
349 0.028737
350 0.028737
351 0.028737
352 0.028737
353 0.028737
354 0.028737
355 0.028737
356 0.028737
357 0.028737
358 0.028737
359 0.028737
360 0.028737
361 0.028737
362 0.028737
363 0.028737
364 0.028737
365 0.028737
366 0.028737
367 0.028737
368 0.028737
369 0.028737
370 0.028737
371 0.028737
372 0.028737
373 0.028737
374 0.028737
375 0.028737
376 0.028737
377 0.028737
378 0.028737
379 0.028737
380 0.028737
381 0.028737
382 0.028737
383 0.028737
384 0.028737
385 0.028737
386 0.028737
387 0.028737
388 0.028737
389 0.028737
390 0.028737
391 0.028737
392 0.028737
393 0.028737
394 0.028737
395 0.028737
396 0.028737
397 0.028737
398 0.028737
399 0.028737
400 0.028737
401 0.028737
402 0.028737
403 0.028737
404 0.028737
405 0.028737
406 0.028737
407 0.028737
408 0.028737
409 0.028737
410 0.028737
411 0.028737
412 0.028737
413 0.028737
414 0.028737
415 0.028737
416 0.028737
417 0.028737
418 0.028737
419 0.028737
420 0.028737
421 0.028737
422 0.028737
423 0.028737
424 0.028737
425 0.028737
426 0.028737
427 0.028737
428 0.028737
429 0.028737
430 0.028737
431 0.028737
432 0.028737
433 0.028737
434 0.028737
435 0.028737
436 0.028737
437 0.028737
438 0.028737
439 0.028737
440 0.028737
441 0.028737
442 0.028737
443 0.028737
444 0.028737
445 0.028737
446 0.028737
447 0.028737
448 0.028737
449 0.028737
450 0.028737
451 0.028737
452 0.028737
453 0.028737
454 0.028737
455 0.028737
456 0.028737
457 0.028737
458 0.028737
459 0.028737
460 0.028737
461 0.026570
462 0.026570
463 0.026570
464 0.026570
465 0.026570
466 0.026570
467 0.026570
468 0.026570
469 0.026570
470 0.026570
471 0.026570
472 0.026570
473 0.026570
474 0.026570
475 0.026570
476 0.026570
477 0.026570
478 0.026570
479 0.026570
480 0.026570
481 0.026570
482 0.026570
483 0.026570
484 0.026570
485 0.026570
486 0.026570
487 0.026570
488 0.026570
489 0.026570
490 0.026570
491 0.026570
492 0.026570
493 0.026570
494 0.026570
495 0.026570
496 0.026570
497 0.026570
498 0.026570
499 0.026570
