0 5.480512
1 0.184237
2 0.184237
3 0.184237
4 0.180115
5 0.180115
6 0.180115
7 0.049659
8 0.049659
9 0.049659
10 0.049659
11 0.049659
12 0.049659
13 0.049659
14 0.049659
15 0.049659
16 0.049659
17 0.049659
18 0.049659
19 0.049659
20 0.049659
21 0.016986
22 0.016986
23 0.016986
24 0.016986
25 0.016986
26 0.016986
27 0.016986
28 0.016986
29 0.016986
30 0.016986
31 0.016986
32 0.016986
33 0.016986
34 0.013654
35 0.013654
36 0.013654
37 0.013654
38 0.013654
39 0.013654
40 0.009576
41 0.009576
42 0.009576
43 0.009576
44 0.009576
45 0.009576
46 0.009576
47 0.009576
48 0.009576
49 0.009576
50 0.009576
51 0.009576
52 0.009576
53 0.009576
54 0.009576
55 0.009576
56 0.009576
57 0.009576
58 0.009576
59 0.009576
60 0.009576
61 0.009576
62 0.009576
63 0.009576
64 0.009576
65 0.009576
66 0.009576
67 0.009576
68 0.009576
69 0.009576
70 0.009576
71 0.009576
72 0.009576
73 0.009576
74 0.009576
75 0.009576
76 0.009576
77 0.009576
78 0.009576
79 0.009576
80 0.009576
81 0.009576
82 0.009576
83 0.009576
84 0.009576
85 0.009576
86 0.009576
87 0.009576
88 0.009576
89 0.009576
90 0.009576
91 0.009576
92 0.009576
93 0.008693
94 0.008693
95 0.008693
96 0.003934
97 0.003934
98 0.003934
99 0.003934
100 0.003934
101 0.003934
102 0.003934
103 0.003934
104 0.003934
105 0.003934
106 0.003934
107 0.003934
108 0.003934
109 0.003934
110 0.003934
111 0.003934
112 0.003934
113 0.003934
114 0.003934
115 0.003934
116 0.003934
117 0.003934
118 0.003934
119 0.003934
120 0.003934
121 0.003934
122 0.003934
123 0.003934
124 0.003934
125 0.003934
126 0.003934
127 0.003934
128 0.003934
129 0.003934
130 0.003934
131 0.003934
132 0.003934
133 0.003934
134 0.003934
135 0.003934
136 0.003934
137 0.003934
138 0.003934
139 0.003934
140 0.003934
141 0.003934
142 0.003934
143 0.003934
144 0.003934
145 0.003934
146 0.003934
147 0.003934
148 0.003934
149 0.003934
150 0.003934
151 0.003934
152 0.003934
153 0.003934
154 0.003934
155 0.003934
156 0.003934
157 0.003934
158 0.003934
159 0.003934
160 0.003934
161 0.003934
162 0.003934
163 0.003934
164 0.003934
165 0.003934
166 0.003934
167 0.003934
168 0.003934
169 0.003934
170 0.003934
171 0.003934
172 0.003934
173 0.003934
174 0.003934
175 0.003934
176 0.003934
177 0.003934
178 0.003934
179 0.003934
180 0.003934
181 0.003934
182 0.003934
183 0.003934
184 0.003934
185 0.003934
186 0.003934
187 0.003934
188 0.003934
189 0.003934
190 0.003934
191 0.003934
192 0.003934
193 0.003934
194 0.003934
195 0.003934
196 0.003934
197 0.003934
198 0.003934
199 0.003934
200 0.003934
201 0.003934
202 0.003934
203 0.003934
204 0.003934
205 0.003934
206 0.003934
207 0.003934
208 0.003934
209 0.003934
210 0.003934
211 0.003934
212 0.003934
213 0.003934
214 0.003934
215 0.003934
216 0.003934
217 0.003934
218 0.003934
219 0.003934
220 0.003934
221 0.003934
222 0.003934
223 0.003934
224 0.003934
225 0.003934
226 0.003934
227 0.000020
228 0.000020
229 0.000020
230 0.000020
231 0.000020
232 0.000020
233 0.000020
234 0.000020
235 0.000020
236 0.000020
237 0.000020
238 0.000020
239 0.000020
240 0.000020
241 0.000020
242 0.000020
243 0.000020
244 0.000020
245 0.000020
246 0.000020
247 0.000020
248 0.000020
249 0.000020
250 0.000020
251 0.000020
252 0.000020
253 0.000020
254 0.000020
255 0.000020
256 0.000020
257 0.000020
258 0.000020
259 0.000020
260 0.000020
261 0.000020
262 0.000020
263 0.000020
264 0.000020
265 0.000020
266 0.000020
267 0.000020
268 0.000020
269 0.000020
270 0.000020
271 0.000020
272 0.000020
273 0.000020
274 0.000020
275 0.000020
276 0.000020
277 0.000020
278 0.000020
279 0.000020
280 0.000020
281 0.000020
282 0.000020
283 0.000020
284 0.000020
285 0.000020
286 0.000020
287 0.000020
288 0.000020
289 0.000020
290 0.000020
291 0.000020
292 0.000020
293 0.000020
294 0.000020
295 0.000020
296 0.000020
297 0.000020
298 0.000020
299 0.000020
300 0.000020
301 0.000020
302 0.000020
303 0.000020
304 0.000020
305 0.000020
306 0.000020
307 0.000020
308 0.000020
309 0.000020
310 0.000020
311 0.000020
312 0.000020
313 0.000020
314 0.000020
315 0.000020
316 0.000020
317 0.000020
318 0.000020
319 0.000020
320 0.000020
321 0.000020
322 0.000020
323 0.000020
324 0.000020
325 0.000020
326 0.000020
327 0.000020
328 0.000020
329 0.000020
330 0.000020
331 0.000020
332 0.000020
333 0.000020
334 0.000020
335 0.000020
336 0.000020
337 0.000020
338 0.000020
339 0.000020
340 0.000020
341 0.000020
342 0.000020
343 0.000020
344 0.000020
345 0.000020
346 0.000020
347 0.000020
348 0.000020
349 0.000020
350 0.000020
351 0.000020
352 0.000020
353 0.000020
354 0.000020
355 0.000020
356 0.000020
357 0.000020
358 0.000020
359 0.000020
360 0.000020
361 0.000020
362 0.000020
363 0.000020
364 0.000020
365 0.000020
366 0.000020
367 0.000020
368 0.000020
369 0.000020
370 0.000020
371 0.000020
372 0.000020
373 0.000020
374 0.000020
375 0.000020
376 0.000020
377 0.000020
378 0.000020
379 0.000020
380 0.000020
381 0.000020
382 0.000020
383 0.000020
384 0.000020
385 0.000020
386 0.000020
387 0.000020
388 0.000020
389 0.000020
390 0.000020
391 0.000020
392 0.000020
393 0.000020
394 0.000020
395 0.000020
396 0.000020
397 0.000020
398 0.000020
399 0.000020
400 0.000020
401 0.000020
402 0.000020
403 0.000020
404 0.000020
405 0.000020
406 0.000020
407 0.000020
408 0.000020
409 0.000020
410 0.000020
411 0.000020
412 0.000020
413 0.000020
414 0.000020
415 0.000020
416 0.000020
417 0.000020
418 0.000020
419 0.000020
420 0.000020
421 0.000020
422 0.000020
423 0.000020
424 0.000020
425 0.000020
426 0.000020
427 0.000020
428 0.000020
429 0.000020
430 0.000020
431 0.000020
432 0.000020
433 0.000020
434 0.000020
435 0.000020
436 0.000020
437 0.000020
438 0.000020
439 0.000020
440 0.000020
441 0.000020
442 0.000020
443 0.000020
444 0.000020
445 0.000020
446 0.000020
447 0.000020
448 0.000020
449 0.000020
450 0.000020
451 0.000020
452 0.000020
453 0.000020
454 0.000020
455 0.000020
456 0.000020
457 0.000020
458 0.000020
459 0.000020
460 0.000020
461 0.000020
462 0.000020
463 0.000020
464 0.000020
465 0.000020
466 0.000020
467 0.000020
468 0.000020
469 0.000020
470 0.000020
471 0.000020
472 0.000020
473 0.000020
474 0.000020
475 0.000020
476 0.000020
477 0.000020
478 0.000020
479 0.000020
480 0.000020
481 0.000020
482 0.000020
483 0.000020
484 0.000020
485 0.000020
486 0.000020
487 0.000020
488 0.000020
489 0.000020
490 0.000020
491 0.000020
492 0.000020
493 0.000020
494 0.000020
495 0.000020
496 0.000020
497 0.000020
498 0.000020
499 0.000020
